200 0
92 117 2.871870332208299 13.740587785566396
8 19 11.199033434458023 101.03420991298262
72 107 2.010246975847105 16.043067728353055
83 116 2.4372222364624685 4.338121100733838
20 73 3.48420375639107 3.2733251587094814
51 82 4.019352614063807 20.91259075783035
179 189 1.5988601450814532 10.17852670843717
152 188 5.127923041623698 17.529106128318286
123 189 4.806514011020999 39.424913508615965
53 120 7.16542129350698 54.00053205983612
6 146 9.159471057151618 61.9242265769835
102 147 5.574659193427532 12.955187943145473
58 140 11.398064977749824 23.609796028876453
156 163 2.986766688436988 1.0209107195486602
134 169 7.500850180600281 18.931704703650407
64 186 5.7973209077762835 27.849458928379903
14 131 3.734248707999958 31.787430564883547
102 186 3.852512336463198 3.1629105822719037
49 79 10.757893014779716 45.215058668259
57 82 6.748859454441343 42.75184657977269
157 181 4.889934297661779 9.90167120456035
51 138 3.6551650360471086 25.56388462365198
11 54 10.9446404490426 54.66118961914876
19 133 6.327719580230861 15.917036602385283
24 71 5.300651355815742 34.957659517906805
39 140 7.288041333012271 1.1288716846639422
119 197 1.1282831614455284 8.501103996887087
3 102 3.5604477696516437 27.498966199872815
65 106 9.294848505496196 10.737541314817669
175 176 7.048898577396682 30.373332634258333
122 190 7.171551996676588 13.204821985142496
60 146 4.304949357121364 41.258048384480624
7 138 5.419077855312561 28.329756202161395
17 150 3.638232095825974 2.1726140017129745
73 78 9.59736635153051 24.637043757425282
88 190 12.845541129245685 109.16821458218858
101 199 4.348135037062188 20.083914302147623
143 191 2.8433198245026663 22.843300724938743
27 167 10.139231772155362 68.02430420778312
153 166 7.607372682394206 75.16187126819028
99 126 7.569665017073086 45.37997488779229
51 182 6.88948481930939 65.48725473703736
61 196 3.724270989500451 33.23955307531553
50 59 8.083632532427933 49.83768010195358
107 110 3.2533889851071534 23.49211092911796
25 162 6.54685231282395 33.371295380134676
8 165 10.396339812793464 86.52493931316957
93 190 12.568506257370283 69.42757781668662
2 90 9.26991206277207 83.26568937416798
148 158 9.207528789899623 68.7083189241441
53 96 9.307160759211168 44.667641864742926
158 183 15.292269212927339 40.76913359603427
76 108 7.954528427781544 20.265540495706713
65 129 6.773937620719468 43.44023384108628
4 7 8.392975667644198 64.47110818748956
81 142 2.535405461655993 13.338433832948295
35 134 6.120641096910701 38.58947629376192
46 52 7.1629902834228725 20.188993585160528
17 131 8.513088681854454 7.3815732300837045
76 114 5.642053737802724 16.523931831352083
30 110 6.50565296412048 18.150638795088774
73 122 9.206822508100176 30.06142383148127
38 73 9.109307511783152 49.62301646230633
0 88 8.369943028510304 12.303006116837688
70 167 7.025337666252394 16.786964611073422
55 58 11.141545548355499 77.65772163066168
145 187 7.343757340869275 52.09330623383134
29 193 6.171969775882664 4.541740378511044
22 127 7.050593849415781 29.155853712031732
139 169 8.135342773271057 44.51537772121656
26 115 8.471009697950551 35.71517390532844
69 75 4.920519311397707 10.567604749021202
28 93 7.417160847577831 31.592809383645243
120 132 10.325403278580126 93.52648001716524
16 119 5.1539127680575305 30.31730534603027
84 174 5.7406785761994215 40.102529545266876
0 69 6.114109240721781 52.46912795583735
144 161 4.056102829556117 31.148380515160255
56 63 5.156716960338541 19.93469299833316
58 133 15.183950957598634 2.4047009511742705
34 80 4.156923429329745 14.891812985097893
3 97 13.007585176651666 98.32958800787763
62 158 13.50788618597526 115.48073865981642
80 167 8.907148364344646 84.96493508665812
55 199 6.813298043011346 28.945006965027638
57 138 4.295559539468164 32.218436775474686
5 196 9.187040819134582 50.59036832142646
98 99 9.528096033580667 57.85651074274733
80 113 9.043313443311549 20.648896681905935
94 168 4.675696191042399 10.624463741298527
123 179 5.847752886539226 25.816520049799085
24 41 3.08235407949474 1.1939366524261186
39 101 9.019435788697896 30.915762055981443
68 165 2.9595541607971647 20.19453161299181
31 63 6.622170993970522 27.169012874943213
18 149 5.28345059869788 9.161201330371972
106 159 9.468254627062363 44.75797799951691
70 80 4.891239469902357 6.669279330221504
12 43 4.963398653464814 31.0725825512035
0 75 6.818780340322313 2.5022733238123323
10 186 8.88021930686993 35.52798617837927
132 135 7.076162694654418 40.24553827434061
3 186 7.030994714780339 2.589587482804873
44 137 7.426838728527074 48.001303860823214
44 111 6.8019951624745545 9.818169347603956
50 198 7.688097796111563 35.90967940239875
14 89 9.62779649813916 5.755668810112908
140 187 7.269497931865334 28.01030788429712
84 109 3.417792074094416 7.503546541017315
104 121 9.122327315973289 30.430017429999694
157 197 4.698246610890888 35.87662912379257
32 64 8.260658671685764 31.831205243775134
7 44 11.718572590002275 88.41542614564355
113 148 11.308416691454662 94.26753174468155
45 60 10.902686834783426 28.319600016187
95 128 1.8353469127132953 1.671765570438796
58 97 11.787484340941724 3.4407023406161694
160 163 1.9338335945902285 10.520535456160296
69 197 5.451183391365341 54.506859721025826
28 192 5.463080085154715 19.473735713794667
21 22 4.9913112180930606 32.62533903135822
112 141 5.453005425458865 42.71997431749813
52 66 5.740005389864424 37.61064535528107
40 112 9.335410729312116 70.64020085418069
116 151 8.743745316150909 83.07568961857912
160 166 6.5499930954629955 13.58252913006198
129 159 9.828980394222055 2.966014467109186
54 92 2.0448393666504803 3.289298389153572
104 188 8.038555783916038 10.848735619894665
138 195 6.367750465633452 42.839949055116946
13 150 2.4830052779110945 14.111661068075263
20 78 6.920608139037606 15.625687854513291
21 170 6.872629549969129 48.27818289748748
90 175 4.800988757972154 36.930603448110716
11 177 7.132695136816776 12.56147870209242
94 191 2.592823344710233 15.846688568425225
30 118 7.527795828360593 56.492072449693545
13 194 5.655355306892454 6.978003942155416
156 166 9.552836112201296 78.43911707402597
15 141 8.287919569306794 79.98452087701602
48 129 9.208964474333207 10.776124146069028
12 114 8.999981822038636 3.187941272891963
70 152 5.070708796133308 16.167329876993254
1 185 0.8177700265852225 5.565528659531885
62 183 1.8131118027854778 17.38032855266829
48 98 3.7525165441830293 15.11092996015506
27 182 8.602347647447097 61.75320491688122
167 188 9.673006050417747 8.24493306590671
18 150 2.759806250339763 19.145004243533155
63 129 4.765289228497514 30.067544093854625
123 140 5.195787799863398 5.761208620287289
96 112 6.0339857962283565 46.748671587393446
94 143 0.25195267218347367 2.146108439125186
156 160 3.077577879470778 18.6011114808898
121 182 5.100393924026923 6.622581723988669
72 110 1.8275899970162561 17.983593544648297
52 192 2.1275368147242744 16.6971002491592
92 154 5.362946572907247 18.970443565578968
15 120 4.0694819123944415 17.66538629884941
180 198 6.71426379971301 25.303721512217674
1 14 8.834503250372954 45.135581510575065
77 181 4.854600071845636 16.885214778560368
51 57 3.168356932241267 26.965248083170714
54 164 6.519321582833169 53.726225213385064
8 81 8.162453364862955 9.344660823624526
6 50 3.2808979489829846 31.535324785856655
13 17 2.33686007885382 14.937893273394513
100 142 7.405801699492837 61.49927609077031
52 87 1.5085703589846615 10.714403095929908
23 173 3.532515607584002 15.583066413512386
33 38 5.480319944661464 40.360219089312935
82 121 5.803376861483647 56.050116017298045
106 126 4.114231719459317 11.41212063658376
56 99 7.935013418268258 64.28291063589559
59 60 1.8470846785288604 10.025812673862083
14 185 8.798519838104854 42.99506954175624
9 17 8.303950367506262 36.638585852185436
163 166 7.014530796563722 51.46673142370922
104 124 6.029590571783689 16.62427959390952
56 98 9.326656833180506 79.57466568497827
26 50 7.963144847546339 66.28710566923336
86 100 4.772932268457469 4.572291038664634
11 35 8.37635139580854 73.9476758668094
148 183 8.493279054430127 21.354210283639244
32 155 7.360062740163654 34.59681262785818
117 177 7.476784611805513 45.924533534629674
124 188 9.617738025278886 37.04747023326294
84 194 5.520508786653915 2.1205929183459915
72 184 1.053493999831167 8.980439101208557
75 105 9.606801665677297 18.254984648595183
21 76 4.199943489011974 9.239819047061841
144 183 15.446707418375135 123.55111229171665
25 103 12.21072609118822 42.36333809062107
72 85 8.61957953927367 75.98304000075169
153 160 2.5370445900246925 17.865155418898485
181 195 8.898417979833471 25.22753908952438
5 21 6.3158724812031215 1.2663073770544782
114 170 5.691772798746755 53.99112951771493
173 187 7.311001283748539 6.927673228702876
65 126 13.008607819646949 94.03583295329987
2 100 9.050305115575068 44.6806385198106
71 130 7.612932632592121 57.90267193386742
16 181 2.543511579914866 17.644422393579404
117 154 3.715665332847071 24.131160761517958
9 89 8.064330651755522 39.99207388157267
74 194 9.853022340093627 78.33187634664152
104 182 7.601132214686564 7.76249034526646
164 169 4.212741524335734 9.663204895781764
40 120 7.197241172913447 50.01141818742597
111 137 5.869611945701911 18.380335860315704
2 142 4.6386528732347605 27.170446707115783
25 80 4.921726182882425 23.55183215291796
27 67 10.667537048813811 57.13668447308139
65 166 8.854917003239672 38.18672106638444
66 87 5.608478834980974 41.97812266329673
50 146 6.1311347807930225 20.69156114955323
35 117 6.986326739129239 49.311338009496495
32 83 10.13002433346598 28.18246340963143
109 174 4.472935155245664 11.579965695752739
114 127 2.817492035509136 3.64722444738752
176 177 8.725385927830894 17.50822420441403
34 158 5.791404019331461 7.43379951137614
172 177 1.4336051057849895 7.7487119467038115
6 198 8.0098517292723 61.240740212367484
52 125 4.555117874058786 8.804967418408804
24 130 5.17643284204126 11.606638792374891
16 197 5.84643950946269 28.609937682939588
127 170 5.348619619572241 38.90260453560851
52 178 0.3156064861357037 3.0829734058065363
88 105 5.408642291081455 28.632838490549826
74 193 6.1273312430662585 17.779598407912932
24 33 7.991449087409408 8.752302728894339
113 158 3.103176342821608 6.273890287256807
125 178 4.299559285487907 10.112921672200248
45 59 12.089089626455344 22.68482951543673
178 192 2.357868571354916 0.5660507629771847
23 123 7.416202656366395 39.95803553770157
109 149 7.297149719543287 20.546454102864583
35 54 5.129141243332661 49.98614763579443
57 77 6.431079953538012 35.87419600439525
91 168 6.701356822527423 46.93919944312014
71 101 6.25335680482789 8.44307587383944
39 55 10.375710310367666 90.24549883713098
26 118 5.448908058194193 27.024944260265414
68 142 8.801058100588508 76.92059103325671
93 122 7.169930131680658 41.46539643677203
15 135 13.167570148722668 62.50684729456144
147 186 8.754683805936995 39.05150241580612
8 133 15.54597800662047 29.929122095192003
92 164 5.406083748853874 3.290302049657844
21 61 12.092731539241532 113.87156458091435
81 175 9.118826152697393 44.03954374204745
112 120 8.437453432240611 69.51571382721485
70 171 6.371970466371614 25.914827324715386
12 151 6.330619953846143 5.276024041305961
47 84 7.36969830149702 46.66133690849616
50 180 7.970659896338903 5.027333005213023
66 111 10.223643711437374 16.123259539174477
123 187 3.110882333413251 17.645273048587775
28 52 7.581312988621431 23.562505210967966
41 71 2.4900896322202 24.75096656832321
73 108 4.872339722495227 6.200882864619261
1 9 7.258663764717281 55.65936195044406
54 134 6.889615903792089 42.04418934463769
25 95 2.1774322082117377 17.263410278187646
5 170 0.6389476180706734 1.4914971225103126
31 131 7.303003806071247 38.51215758934951
37 174 10.20833448590231 46.550956696975014
25 34 5.634327131177449 25.25833886155114
91 191 4.364796182905799 37.60555619693368
68 86 7.471316974908207 73.97582158144284
109 193 10.214929076654592 31.90392452528927
83 136 8.170896851199176 51.05315648946499
36 198 6.936016291558085 42.55486002693525
18 60 9.545267380583686 70.89159477102694
140 145 0.3519006686068149 3.3364205549523667
129 166 2.2431731303431612 4.838749359855607
116 155 2.2302470661287743 4.88234410143301
104 167 5.372622256295938 35.66474822039343
153 163 0.6976106495718959 1.154451604196935
42 47 1.9639181636276302 3.5758121043270132
93 192 6.893807332478234 5.812459895307472
22 76 5.690756710021602 0.719821845931792
9 185 6.954222088581962 31.71116006389845
162 171 6.657865206823075 39.80558398522714
41 143 6.224589752625522 18.570857875271894
63 98 12.063947750795737 28.85231504750444
68 139 8.933814519682636 63.41992280366946
30 72 4.8633995696496255 34.33354289323501
75 88 5.25955693768896 24.16719145981852
43 151 9.860438080172887 68.08741657992736
36 173 1.453168364800279 13.4370400236231
47 109 5.7079046083161336 45.089577977020696
153 156 2.8377073055820627 17.843714296648734
144 148 13.297275672171638 88.36986615402357
29 84 8.758998702933011 81.83810795358109
20 108 7.346701590112539 31.656024430147717
34 128 5.506971957830015 30.23970570938182
56 166 4.218187181053488 27.46707915189386
83 151 6.632179502601696 60.308220842251686
107 115 5.837594216087496 48.35657845807653
152 162 3.9823809817559406 3.2136117426039923
20 38 5.653420946695416 9.851852678603818
62 148 7.2285932161340085 22.73650587408608
23 36 3.6590328358433966 27.49646617092546
19 68 10.281258751475953 58.96455895156345
168 191 5.868277997901262 17.35393473642358
55 101 3.8145000536210785 5.077485659538587
37 42 9.7238067960097 67.26844081858458
66 125 3.065036199467117 21.539123456873938
84 149 4.056475964490734 38.262688373908425
11 172 5.827842691934163 29.457848156530932
47 174 1.6570494719648816 8.26631171119458
76 127 4.91190472596662 4.402905326442528
119 181 3.47590590071761 1.7192587060871736
41 101 8.642053024260818 37.826990076837944
41 130 6.843807031964217 22.522857218736025
79 137 8.58153713664673 22.12871409215694
99 106 7.003628116690268 7.032596366752698
135 156 12.89489849160881 124.08657545436984
18 194 5.608471915412719 46.97650623608887
22 61 11.053917949271375 64.05160899725698
115 184 7.181107682441864 68.31232734300765
134 179 8.970595601645101 89.66798283119412
19 165 10.360497244862195 69.9912475937447
64 102 9.352886384834779 25.890278091251577
21 114 4.696701203624985 2.3403359824159398
91 105 9.874671505965246 74.91973922878947
4 195 9.267399409695654 44.0938985524383
25 152 5.5886889053980155 36.60559905859953
21 127 2.0694258739737776 18.974815412208944
86 164 7.646499268846951 14.503440579183058
81 90 12.754315421828881 75.18367034087599
28 122 7.703428655846144 49.18152896712971
187 189 6.304578855731539 31.32168642915297
75 197 6.294689563980897 6.315460921031653
85 110 7.858997188252957 27.858686852933047
32 43 13.895241464080431 47.24039020502222
85 112 7.448803443540813 50.162638998553696
37 47 10.766197634460866 92.49840748157166
82 182 4.317551080941017 14.528802333512433
67 144 6.650369151316764 46.33557834027749
27 82 8.993867172663984 26.562093143228328
65 159 3.2180934342124234 30.434848468332092
40 135 8.888005832711517 72.47549923753726
45 134 12.530548994275613 69.49387875145497
49 67 7.016671347546871 32.296169952731184
124 182 7.5049964365585025 24.118956067262197
30 184 3.9424649039609823 13.011752502356654
97 133 11.212669234477758 108.81703526011053
91 143 6.6035243056650295 27.083252575781426
0 105 8.624665047919565 44.800847586198934
96 141 6.321511433652161 62.47157959250234
100 169 8.125283036724587 53.71492844762179
103 162 7.1823162916059715 39.29931187264056
10 41 8.703118721958413 36.476084307447195
87 192 3.215601565069392 6.293148222017501
21 196 9.6080298129681 35.37307297891013
6 26 6.42161515756128 48.732271072531795
41 199 4.312695704151739 27.13352576673363
29 109 6.428242227396706 49.00831646039963
13 18 2.9959605975521604 6.337135427660278
128 162 6.702960543343342 37.116132001475
77 195 5.485360274500191 50.92586719716331
62 113 14.154679274043819 62.80925675180981
4 122 11.138843693942217 78.11309391285074
92 134 6.752115301882551 8.792052393840331
7 51 6.945513959274272 67.608698853685
64 155 7.331689648822436 44.92734414504265
119 157 3.9156881532645533 9.668009774918703
9 14 3.161949953452764 5.273954889296976
60 150 7.65030386320385 42.48447964075178
41 94 6.3347685483579985 35.26748693774956
71 199 1.911683229668537 1.955214345679643
4 93 6.34652416930269 62.978753198545874
80 95 2.745540304037317 25.08876321417165
100 165 8.455374190684537 39.472512105440096
110 184 2.878993998724954 3.6359243488659483
45 179 12.571831077491456 104.82666089556056
79 111 4.892032389638637 24.626087440141877
53 141 5.96813435936942 42.93698426164807
37 149 8.738603969786713 44.89748740587668
48 99 6.562032173300266 18.41901061254672
126 159 13.531856874087865 113.17729880049438
70 95 5.307086766312612 52.032917519270846
46 192 7.465178528983298 18.75951564902783
14 31 5.84544123766378 32.48618149524819
124 171 11.313572644661468 44.09466670530845
32 116 8.800193703892223 81.19494042996959
87 178 1.1997451769735525 6.156594146147551
42 174 3.1319164140498956 27.577557326207913
40 132 9.342453956373586 80.84835073009783
30 107 3.38146689014307 9.585949005708702
103 152 11.15929692635137 88.39347392303179
67 161 5.0512316285266055 21.25522907206703
152 171 3.999100287662508 37.38782492601388
91 94 6.373719804075989 32.67553100828446
86 139 9.084705084209444 74.70752522027554
143 168 4.649476592679804 13.483974658749464
27 121 3.5556786483459653 10.865097602519953
142 165 6.081668885987432 35.946819644342206
2 175 5.496490663329172 54.90517681324349
95 113 9.970031149859196 49.32612524799934
55 71 8.424309071301286 13.235386844385937
54 117 2.243406381005448 12.186066174694604
3 147 2.0936891468938597 7.36293320014259
9 131 2.844311169011934 15.825697366993776
69 119 6.549448592324637 35.89070074186101
136 151 1.830077561574389 8.432835820657038
80 128 4.571343960478442 15.019588367271686
78 83 8.932800076603009 17.57669999685179
66 137 7.055148877754791 49.42297185151922
54 172 9.238616219699374 53.221789421282814
15 132 7.675904830771265 18.516341252104223
49 161 2.0688685464117187 16.091432606315976
7 82 8.162421531598879 4.3432919272446275
150 194 7.577617652894935 56.62436170204153
49 144 5.101830850912259 36.129921352425924
23 187 4.488510749890365 36.50482513400905
149 194 6.993364435346122 27.429231670975632
2 81 3.630064630590765 24.214416584796023
85 96 8.221965751579889 67.62896335756315
39 145 7.574932473785123 74.31084182455221
16 157 7.405442842859311 37.05501151562053
107 184 1.7346442764870078 0.8092014113386354
48 56 5.92563158328858 30.05884696034792
54 154 5.809068034347261 34.522049640790264
63 166 2.7714102551251822 24.139075062155037
123 145 5.1407568743187015 45.00467741877281
92 169 6.95904815297648 31.030614762199825
193 194 7.232030964142307 38.3797790960384
44 79 3.8828633707690976 17.952760243252595
16 77 5.43275325025665 39.39937994341207
145 189 9.111280438908711 37.891886810702715
181 197 4.4821610280268045 29.50308600042413
86 169 3.912065645298089 6.3695316516627445
117 172 8.337193141828534 39.5846341191432
35 92 6.7637196318450945 65.5750460345512
170 196 9.662495972823535 33.35258054698599
80 158 7.8306969506263195 54.48423159466998
43 136 8.092306058760558 52.870133706508135
56 129 3.2947264380995844 28.11217555866806
17 18 5.232787334957215 44.678476148816564
34 95 4.351049881313373 37.45160800161716
58 145 11.268690210602475 43.52072998128508
42 84 8.735682319309394 28.259455543849228
56 65 8.390531135878312 60.540220362481975
154 176 7.811283186988596 59.50696391437898
89 185 1.3161750905718284 11.498884598741832
87 125 3.6557751369460996 1.6648439762856775
9 31 8.621878312943794 6.702349858466663
5 114 5.5133146269110815 35.00124519768264
53 103 8.111383410976492 74.76422758496474
10 130 2.936423807757949 29.289408124547204
130 186 8.79332293692483 65.88825472318274
42 109 7.538399582821736 33.14119855101024
3 64 11.781469312719299 12.660213189336694
120 141 4.5118785842984055 28.759181097994322
36 187 6.602084296608391 57.692540756165386
6 118 9.27719393226581 41.67702987001592
5 127 4.886889801983375 34.06461030988507
143 199 6.566352255443148 59.385421437465816
38 78 4.365924878004525 2.424444319483016
128 152 5.503598344223548 43.928733015070705
97 147 12.92846078500666 38.8415045712938
29 74 1.136805660267905 4.332283144346713
70 188 5.462078850193796 8.417833537954868
46 61 8.523764872732912 45.67499084900451
34 113 5.645283694502968 32.193290525387766
16 195 7.76929410612071 61.73436649696291
74 109 7.5480112575739 13.456882243775343
30 115 3.9228647234504526 3.4591298273693116
20 33 9.019110030396844 78.65847277718494
139 189 9.674867223781494 60.32408049710003
91 190 11.612577066605233 28.848137433533257
6 180 5.505489279784893 50.30369551172179
159 160 10.90101304699585 16.53536983503371
10 24 6.176411559032192 28.81533254329897
33 191 9.131839565880782 23.874059093835886
17 194 7.346236072880165 19.303957318388406
171 188 2.174248643992613 0.41970515511715356
8 142 9.330872225967662 75.26157868001546
173 198 6.663513999391779 60.11804534423522
59 150 8.40022494539258 57.191652761197034
46 178 6.940366331771805 11.548482650987777
100 154 6.662098222253189 29.80039716225157
66 178 5.6233684670719075 19.800440921099856
0 180 10.504239072793746 62.153161171543694
83 155 4.600996378080297 29.563670726008063
28 73 7.75470632167654 33.350343585690844
12 136 4.5564893007632525 11.737390778246745
90 176 8.132329253917831 68.86870233039015
115 118 5.583342726584696 11.570072424226444
81 165 8.129160856424853 31.77252576788132
154 177 8.434585891101769 41.19249154244956
134 164 3.318714846548377 8.12533052291725
16 88 9.621173569670002 55.43753552320743
15 53 8.473167797378169 49.065048349488805
46 87 5.965970131879219 59.22807072926683
15 40 8.948465906951078 27.049283715193326
1 89 0.811253627268573 7.935399365491579
79 161 11.513988184170566 76.18201701682587
179 187 6.639607602865579 18.706136749067632
59 146 2.4579625965900305 14.017016584079528
22 108 5.69641615803425 39.24497480046244
25 128 0.3832313366629455 2.8635894438395333
