171 188 0.419705
178 192 0.566051
22 76 0.719822
107 184 0.809201
156 163 1.02091
39 140 1.12887
153 163 1.15445
24 41 1.19394
5 21 1.26631
5 170 1.4915
87 125 1.66484
95 128 1.67177
119 181 1.71926
71 199 1.95521
84 194 2.12059
94 143 2.14611
17 150 2.17261
21 114 2.34034
58 133 2.4047
38 78 2.42444
0 75 2.50227
3 186 2.58959
25 128 2.86359
129 159 2.96601
52 178 3.08297
102 186 3.16291
12 114 3.18794
152 162 3.21361
20 73 3.27333
54 92 3.2893
92 164 3.2903
140 145 3.33642
58 97 3.4407
30 115 3.45913
42 47 3.57581
110 184 3.63592
114 127 3.64722
29 74 4.33228
83 116 4.33812
7 82 4.34329
76 127 4.40291
29 193 4.54174
86 100 4.57229
129 166 4.83875
116 155 4.88234
50 180 5.02733
55 101 5.07749
9 14 5.27395
12 151 5.27602
1 185 5.56553
14 89 5.75567
123 140 5.76121
93 192 5.81246
87 178 6.15659
73 108 6.20088
113 158 6.27389
75 197 6.31546
13 18 6.33714
86 169 6.36953
121 182 6.62258
70 80 6.66928
9 31 6.70235
173 187 6.92767
13 194 6.978
99 106 7.0326
3 147 7.36293
17 131 7.38157
34 158 7.4338
84 109 7.50355
172 177 7.74871
104 182 7.76249
1 89 7.9354
134 164 8.12533
167 188 8.24493
47 174 8.26631
70 188 8.41783
136 151 8.43284
71 101 8.44308
119 197 8.5011
24 33 8.7523
72 184 8.98044
18 149 9.1612
8 81 9.34466
30 107 9.58595
164 169 9.6632
119 157 9.66801
44 111 9.81817
20 38 9.85185
59 60 10.0258
179 189 10.1785
160 163 10.5205
69 75 10.5676
94 168 10.6245
65 106 10.7375
48 129 10.7761
104 188 10.8487
27 121 10.8651
106 126 11.4121
46 178 11.5485
115 118 11.5701
109 174 11.58
24 130 11.6066
54 117 12.1861
0 88 12.303
11 177 12.5615
3 64 12.6602
122 190 13.2048
81 142 13.3384
36 173 13.437
74 109 13.4569
160 166 13.5825
59 146 14.017
13 150 14.1117
82 182 14.5288
34 80 14.8918
80 128 15.0196
48 98 15.1109
23 173 15.5831
9 131 15.8257
94 191 15.8467
19 133 15.917
49 161 16.0914
66 111 16.1233
70 152 16.1673
104 124 16.6243
77 181 16.8852
62 183 17.3803
176 177 17.5082
78 83 17.5767
16 181 17.6444
123 187 17.6453
15 120 17.6654
44 79 17.9528
75 105 18.255
111 137 18.3803
48 99 18.419
15 132 18.5163
41 143 18.5709
179 187 18.7061
92 154 18.9704
28 192 19.4737
66 178 19.8004
56 63 19.9347
68 165 20.1945
76 108 20.2655
50 146 20.6916
51 82 20.9126
67 161 21.2552
148 183 21.3542
45 59 22.6848
58 140 23.6098
63 166 24.1391
2 81 24.2144
41 71 24.751
181 195 25.2275
180 198 25.3037
51 138 25.5639
51 57 26.9652
26 118 27.0249
15 40 27.0493
91 143 27.0833
31 63 27.169
85 110 27.8587
32 83 28.1825
120 141 28.7592
10 24 28.8153
91 190 28.8481
8 133 29.9291
73 122 30.0614
175 176 30.3733
39 101 30.9158
12 43 31.0726
144 161 31.1484
6 50 31.5353
81 165 31.7725
32 64 31.8312
61 196 33.2396
28 73 33.3503
170 196 33.3526
57 77 35.8742
90 175 36.9306
35 134 38.5895
103 162 39.2993
100 165 39.4725
117 172 39.5846
132 135 40.2455
158 183 40.7691
6 118 41.677
60 150 42.4845
36 198 42.5549
112 141 42.72
53 141 42.937
4 195 44.0939
139 169 44.5154
53 96 44.6676
37 149 44.8975
49 79 45.2151
85 112 50.1626
27 67 57.1367
