0 -1 0
1 9 54.1596
2 142 69.1096
3 186 53.8759
4 195 34.2133
5 21 59.4698
6 180 16.0097
7 138 36.7327
8 165 69.0258
9 17 46.9009
10 41 39.9109
11 35 60.8638
12 136 63.5024
13 150 37.4418
14 9 50.0629
15 120 66.2534
16 197 17.4117
17 150 38.597
18 150 37.7186
19 68 65.9511
20 33 41.0151
21 22 53.1539
22 108 48.1626
23 173 27.4145
24 41 34.2902
25 152 63.7473
26 6 22.4313
27 82 43.0759
28 122 36.0905
29 74 53.5262
30 118 32.8147
31 131 54.4131
32 64 60.9029
33 191 31.996
34 80 63.4288
35 134 52.4874
36 198 24.1545
37 149 51.7406
38 33 37.4763
39 101 45.0368
40 112 63.0819
41 94 31.2078
42 84 55.7942
43 136 67.0382
44 7 48.4513
45 59 38.6476
46 192 48.143
47 84 54.4282
48 56 72.1176
49 67 60.7601
50 180 18.4749
51 57 30.5015
52 192 42.8053
53 96 63.8268
54 134 53.2564
55 199 38.4825
56 63 66.192
57 77 27.3331
58 145 49.3691
59 50 26.5585
60 59 28.4056
61 46 56.6667
62 183 77.6536
63 31 61.0353
64 186 52.6423
65 129 72.5745
66 52 48.5453
67 27 53.7434
68 139 55.6699
69 0 6.11411
70 167 57.3901
71 199 33.5809
72 30 37.6781
73 122 37.5939
74 194 52.3894
75 0 6.81878
76 108 50.4207
77 181 20.9021
78 38 41.8422
79 44 52.3341
80 167 59.2719
81 165 66.7586
82 57 34.082
83 78 50.775
84 149 47.0585
85 72 46.2977
86 139 55.8208
87 192 43.8934
88 0 8.36994
89 9 54.9653
90 176 74.4255
91 105 18.4993
92 134 53.1189
93 190 33.784
94 91 24.8731
95 80 62.0174
96 85 54.5197
97 58 61.1565
98 63 73.0992
99 56 74.127
100 86 60.5937
101 199 36.0173
102 186 50.6975
103 162 69.0451
104 182 44.9921
105 0 8.62467
106 99 81.1306
107 30 36.1962
108 73 42.4662
109 149 50.2992
110 30 39.3204
111 44 55.2533
112 85 53.7465
113 80 68.3152
114 76 56.0628
115 118 30.8703
116 83 53.2122
117 54 55.4998
118 6 25.2869
119 69 12.6636
120 112 62.184
121 82 39.8854
122 190 28.387
123 187 33.8675
124 182 44.896
125 178 47.3352
126 99 81.6966
127 22 55.2132
128 152 63.6622
129 63 65.8005
130 41 38.0516
131 17 47.1101
132 40 72.4244
133 58 64.553
134 179 46.3668
135 40 71.9699
136 83 58.9459
137 66 55.6005
138 195 31.3136
139 189 46.736
140 187 38.0261
141 112 59.1995
142 68 64.4709
143 91 25.1029
144 67 60.3938
145 187 38.1004
146 50 24.606
147 186 55.5996
148 144 73.691
149 18 43.002
150 59 34.9588
151 83 57.4072
152 188 58.1586
153 166 71.414
154 92 58.4819
155 83 55.376
156 166 73.3595
157 197 16.2635
158 80 67.1026
159 129 75.6295
160 166 70.3567
161 67 58.7946
162 171 61.8628
163 166 70.8212
164 134 49.6855
165 68 58.6294
166 63 63.8067
167 104 50.3647
168 91 25.2007
169 134 53.8677
170 21 60.0266
171 188 55.2049
172 54 62.495
173 198 23.882
174 84 52.7992
175 176 73.3421
176 154 66.2932
177 117 62.9766
178 192 43.0357
179 187 37.3962
180 0 10.5042
181 197 16.0475
182 51 37.391
183 144 75.8405
184 30 36.7572
185 9 53.8552
186 130 46.845
187 36 30.7566
188 104 53.0307
189 187 37.0612
190 88 21.2155
191 91 22.8641
192 93 40.6778
193 194 49.7684
194 150 42.5364
195 181 24.9459
196 61 60.391
197 69 11.5653
198 180 17.2185
199 143 31.6692
